u(S) = uMax * S^n / (Ks + S^n)
	uMax: 4.5
	Ks: 3.5
	n: 110.444
mae: 1.28571
rmse: 1.58114

f(x) = a * x + b
	a: 1
	b: 2.53264e-08
mae: 9.46311e-09
rmse: 1.13284e-08

